vx=[
5.236318E0
5.141298E0
5.045383E0
5.263605E0
4.782603E0
4.019061E0
4.017387E0
4.871720E0
4.886897E0
4.792588E0
4.545841E0
4.663038E0
4.655763E0
4.555336E0
4.790088E0
4.067331E0
3.955949E0
4.426213E0
3.719582E0
3.622703E0
4.063096E0
4.531672E0
5.141298E0
5.026970E0
5.380428E0
5.285640E0
4.560098E0
4.670335E0
5.146659E0
5.494270E0
4.493774E0
4.102782E0
5.003491E0
5.978254E0
5.766153E0]

vy=[
1.190072E-1
1.195651E-1
-2.402564E-1
0.000000E0
-2.391302E-1
-3.827677E-1
-2.869562E-1
-4.752897E-1
-5.959630E-1
-4.792588E-1
-5.981369E-1
-7.173905E-1
-5.968927E-1
-7.192635E-1
-9.580175E-1
-1.315901E0
-1.318650E0
-1.196274E0
-1.049113E0
-9.533428E-1
-1.195028E0
-1.669563E0
-2.032606E0
-2.034726E0
-1.913041E0
-1.922051E0
-1.920041E0
-2.035787E0
-2.393795E0
-2.747135E0
-2.103469E0
-1.908271E0
-2.382615E0
-2.510867E0
-2.522692E0]

ax=[
1.067545E0
-2.136203E0
-2.145134E0
-1.688548E0
0.000000E0
1.678427E0
-4.205772E0
1.063111E0
-8.518165E0
2.139546E0
-3.199303E0
3.210993E0
-2.135091E0
-6.425335E0
-1.072007E1
3.205975E0
9.269833E0
8.407657E-1
-6.723018E0
1.676878E0
1.280387E1
9.592913E0
4.270181E0
1.073688E0
-1.071448E1
-8.593991E0
7.507970E0
1.388532E1
5.063299E0
-4.201886E0
-5.882641E0
1.009385E1
6.411949E0]

ay=[
-3.202636E0
-2.136203E0
-2.145134E0
-3.377097E0
-3.373970E0
8.392134E-1
-3.364618E0
1.063111E0
-2.129541E0
-1.069773E0
-2.132868E0
1.070331E0
-6.405272E0
-8.567114E0
-5.360037E0
1.068658E0
0.000000E0
8.407657E-1
0.000000E0
-5.030633E0
-1.280387E1
-5.329396E0
1.067545E0
2.147376E0
0.000000E0
-2.148498E0
-7.507970E0
-1.068102E1
-2.531650E0
3.361509E0
3.361509E0
-1.682309E0
-1.068658E0]



