
vx=[
6.042316E0
4.845968E0
4.247262E0
5.397640E0
5.645913E0
5.448455E0
5.569371E0
5.780637E0
5.411660E0
5.690160E0
5.934458E0
5.417289E0
5.675334E0
4.534124E0
4.336988E0
6.064426E0
5.925176E0
5.280439E0
4.935073E0]

vy=[
-1.726376E0
-1.186768E0
-1.086509E0
-1.472084E0
-1.472847E0
-1.609771E0
-1.608929E0
-1.721892E0
-1.721892E0
-1.608089E0
-1.730884E0
-1.723683E0
-2.220783E0
-1.774223E0
-1.281383E0
-1.856457E0
-1.975059E0
-1.842014E0
-1.974029E0]

ax=[-6.097976E0
-7.814891E0
3.470074E0
0.000000E0
0.000000E0
3.308182E0
-1.102153E0
0.000000E0
4.404020E0
-2.205455E0
-2.208908E0
0.000000E0
0.000000E0
3.487789E0
4.349650E0
-8.803455E0
-1.654091E1]

ay=[
3.484558E0
8.683212E-1
-1.735037E0
-2.199718E0
-1.099859E0
-3.308182E0
0.000000E0
0.000000E0
1.101005E0
-2.205455E0
-8.835631E0
-3.471679E0
5.217164E0
4.359736E0
-2.609790E0
-2.200864E0
1.102727E0]


