
vx=[
5.544613E0
5.550383E0
5.553272E0
5.441046E0
5.193806E0
3.668843E0
3.484450E0
4.713116E0
5.185703E0
4.589875E0
4.957397E0
4.836485E0
3.481543E0
3.771672E0
4.339262E0
3.977657E0
3.861136E0
4.592267E0
4.361934E0
4.350569E0
4.462117E0
4.346039E0
4.341519E0
4.585099E0
3.578253E0
3.389074E0
4.236342E0
4.227516E0
4.589875E0
4.469089E0
4.939371E0
5.183008E0
4.592267E0
4.473749E0
5.075663E0
4.713116E0
4.473749E0
4.151585E0
]


vy=[
-6.026753E-1
-6.033025E-1
-4.828932E-1
-6.045607E-1
-7.247171E-1
-3.861940E-1
-4.839513E-1
-7.250948E-1
-6.029887E-1
-4.831447E-1
-4.836485E-1
-7.254728E-1
-8.703858E-1
-6.769668E-1
-9.642806E-1
-1.084816E0
-8.446235E-1
-9.667930E-1
-1.090483E0
-1.329340E0
-1.326575E0
-1.448680E0
-1.688368E0
-1.447926E0
-1.257224E0
-1.355629E0
-1.573499E0
-1.449434E0
-1.570220E0
-1.691007E0
-1.807087E0
-1.928561E0
-1.691888E0
-1.934594E0
-2.175284E0
-1.933586E0
-1.934594E0
-1.834421E0
]


a=[
3.878294E0
2.156896E0
7.621809E0
9.373178E0
1.038555E1
3.070894E0
9.377519E0
4.577852E0
3.048724E0
6.912636E0
6.829498E0
6.882647E0
2.692106E0
1.021582E1
5.481883E0
9.199884E0
6.113353E0
5.813675E0
5.400676E0
6.288379E0
7.752554E0
8.614120E0
3.406851E0
1.206737E0
7.877907E0
6.039279E0
2.416515E0
6.559944E0
8.401057E0
9.745449E0
5.381024E0
8.618605E0
8.431729E0
2.160270E0
5.816706E0
5.453623E0]

	
ax=[
-2.151290E0
2.411558E-13
-7.545206E0
-9.373178E0
-1.024425E1
1.703426E0
9.377519E0
-3.237030E0
2.155773E0
-5.397862E0
0.000000E0
-6.829498E0
2.553956E0
-1.021582E1
-5.375429E0
8.614120E0
4.322793E0
2.159145E0
-4.320540E0
5.392240E0
-6.450515E0
8.614120E0
-3.406851E0
8.532918E-1
-7.690311E0
4.270415E0
1.080698E0
6.470688E0
5.378225E0
9.685843E0
-5.381024E0
-8.618605E0
5.397862E0
2.160270E0
-5.400676E0
4.258564E0]

	
ay=[
3.226935E0
-2.156896E0
-1.077887E0
0.000000E0
1.707375E0
-2.555138E0
0.000000E0
3.237030E0
2.155773E0
-4.318289E0
-6.829498E0
-8.536873E-1
-8.513187E-1
0.000000E0
-1.075086E0
3.230295E0
-4.322793E0
-5.397862E0
-3.240405E0
-3.235344E0
-4.300343E0
0.000000E0
0.000000E0
-8.532918E-1
-1.708958E0
4.270415E0
-2.161397E0
-1.078448E0
-6.453871E0
-1.076205E0
-4.813083E-13
0.000000E0
-6.477434E0
4.830661E-13
2.160270E0
-3.406851E0]


